12.655322274591416
17.01658811287262
19.354838709677416
22.12768562159515
25.442247658688864
32.48760482340699
35.688926975576905
39.13509212217665
41.17341005080492
42.354777498928804
42.56289404419416
43.03421680847156
43.07094325763604
43.45044989900226
43.65244536940686
43.64326375711575
47.172063414335554
47.404664259043884
47.69847585235967
47.7627471383975
47.66787047805594
47.961682071371726
47.96780314623248
48.01677174511844
47.99534798310583
48.11776948032074
50.95182714084593
51.006916814592635
50.87531370508661
51.07424863806084
51.07424863806084
51.69247719899614
54.248025953357406
54.67344065617922
55.00091816122911
56.08740894901144
57.140233825059674
58.676623615106806
59.82738568892697
62.294178857807424
62.5665666891106
62.75019893493297
62.92158903103385
66.02803452286221
66.27899859215277
66.34633041562098
66.32490665360837
66.34633041562098
66.46569137540551
66.44732815082328
66.658505233519
66.66462630837974
66.7472608189998
67.62563506151679
68.32037705821142
68.30507437105955
68.42749586827446
68.44891963028707
68.57746220236272
68.55603844035012
68.60806757666646
68.65397563812205
68.60194650180571
68.73048907388137
68.73048907388137
68.74273122360286
68.76721552304583
68.77639713533696
68.7702760604762
68.78863928505845
68.84066842137479
68.85597110852665
68.86209218338739
68.90187916998224
68.91106078227337
68.90493970741261
68.9294240068556
68.94166615657709
68.92330293199485
68.96615045602007
68.96921099345045
68.97533206831119
68.99675583032379
68.96615045602007
68.99675583032379
68.99369529289342
69.01205851747567
69.02124012976678
69.01205851747567
69.0304217420579
69.05184550407051
69.25384097447511
69.6700740650058
69.7496480381955
69.85676684825854
70.06182285609353
70.24851563934627
70.25157617677664
70.32808961253595
70.47805594662422
