12.838561591430757
17.413925019127774
19.648048967100227
22.662586074980872
25.585309869931137
32.8079571537873
35.975516449885234
39.23488905891354
41.514919663351186
42.4177505738332
42.60137719969395
43.152257077276204
43.152257077276204
43.641928079571535
43.91736801836266
43.7796480489671
47.39097169089518
47.75822494261668
47.91124713083397
47.972456006120886
47.88064269319051
48.278500382555464
48.1407804131599
48.21729150726855
48.17138485080336
48.324407039020656
51.62968630451415
51.69089517980107
51.58377964804897
51.553175210405506
51.62968630451415
52.1805661820964
54.674827850038255
55.25631216526396
55.53175210405509
56.557000765110935
57.6893649579189
59.311400153022184
60.382555470543224
62.96863045141545
63.42769701606733
63.58071920428462
63.5195103289977
66.10558530986992
66.44223412394797
66.48814078041316
66.4575363427697
66.53404743687834
66.61055853098699
66.50344299923488
66.85539403213465
66.87069625095639
67.02371843917368
67.74292272379495
68.52333588370313
68.38561591430756
68.56924254016832
68.7681713848508
68.81407804131598
68.82938026013771
68.85998469778117
68.73756694720734
68.85998469778117
69.10482019892883
69.0283091048202
69.0283091048202
69.04361132364193
68.99770466717673
69.16602907421576
69.01300688599846
69.15072685539403
69.1354246365723
69.18133129303749
69.1354246365723
69.27314460596786
69.18133129303749
69.30374904361132
69.27314460596786
69.31905126243305
69.2425401683244
69.33435348125478
69.31905126243305
69.36495791889824
69.33435348125478
69.34965570007651
69.36495791889824
69.44146901300688
69.31905126243305
69.36495791889824
69.38026013771996
69.33435348125478
69.57918898240244
70.19127773527161
70.2371843917368
70.40550879877581
70.54322876817137
70.94108645753634
70.95638867635807
71.01759755164498
70.98699311400152
